0.00341189674523
0.00350168350168
0.00359147025814
0.00359147025814
0.00359147025814
0.00368125701459
0.00368125701459
0.00368125701459
0.00368125701459
0.00395061728395
0.00395061728395
0.0040404040404
0.0040404040404
0.00413019079686
0.00413019079686
0.00413019079686
0.00413019079686
0.00413019079686
0.00413019079686
0.00413019079686
0.00413019079686
0.00413019079686
0.00413019079686
0.00421997755331
0.00439955106622
0.00664421997755
0.0115824915825
0.020202020202
0.0421997755331
0.0695847362514
0.117800224467
